ASC_CAR = 1.8840762603349088
BETA_CARCOST = -0.41025014593043657
BETA_CARPSAFE = 0.2983307908548325
BETA_CARTIME = -0.045049242292702754
SIGMA_CARCOST = -0.12414893547222251
SIGMA_CARPSAFE = 0.0852740610834505
SIGMA_CARTIME = -0.031755737745636725
