ASC_EBIKE = -0.17422009849295103
ASC_ESCOOT = -0.6876945241730379
ASC_WALK = -0.6805297974144252
BETA_CARCOST = -0.42400244313285135
BETA_CARPSAFE = 0.4496025888789023
BETA_CARTIME = -0.05227968529532268
BETA_EBIKECOST = -0.4664665062848755
BETA_EBIKEPSAFE = 0.8444491337977148
BETA_EBIKETIME = -0.07669953488965361
BETA_ESCOOTCOST = -0.5596584410300682
BETA_ESCOOTIME = -0.07846412968871687
BETA_ESCOOTPSAFE = 0.7628832226601492
BETA_WALKPSAFE = 0.44030538415135767
BETA_WALKTIME = -0.056684809955373214
SIGMA_ASC_EBIKE = -1.264431190024959
SIGMA_ASC_ESCOOT = -1.3207398148581855
SIGMA_ASC_WALK = -1.487224204417686
SIGMA_CARPSAFE = 0.20550373451685852
SIGMA_EBIKEPSAFE = 0.2280757462777586
SIGMA_ESCOOTPSAFE = 0.07322968869344144
SIGMA_WALKPSAFE = 0.17265995073283028
