ASC_WALK = 1.079460346706073
BETA_WALKPSAFE = 0.11938486014541791
BETA_WALKTIME = -0.0657201454392474
SIGMA_WALKPSAFE = -0.1393929667107203
SIGMA_WALKTIME = -0.0268870939337099
