ASC_CAR = 0.25170238906183945
ASC_TRAIN = -0.6256407058924482
B_COST = -1.6154817638144847
B_TIME = -2.744956748045003
B_TIME_S = 3.6587794192766596
