ASC_EBIKE = -0.16042509291228085
BETA_EBIKECOST = -0.39131541930963964
BETA_EBIKEPSAFE = 0.500817253203626
BETA_EBIKETIME = 0.018998173988627853
