ASC_ESCOOT = -0.808600596647933
BETA_ESCOOTCOST = -0.4594768423666588
BETA_ESCOOTIME = -0.013361770969129428
BETA_ESCOOTPSAFE = 0.3795395309218872
