ASC_WALK = 0.5062591815317027
BETA_WALKPSAFE = 0.10059196056001822
BETA_WALKTIME = -0.038178878161330664
