ASC_CAR = 1.553572613657578
BETA_CARCOST = -0.32064454413822896
BETA_CARPSAFE = 0.16060583594065686
BETA_CARTIME = -0.03201163761986587
