ASC_EBIKE = -0.17438231592008535
ASC_ESCOOT = -0.6507055642911832
ASC_WALK = -0.45330648579051863
BETA_CARCOST = -0.30859074738326736
BETA_CARPSAFE = 0.3562913674304595
BETA_CARTIME = -0.039865798054865655
BETA_EBIKECOST = -0.4261556163442798
BETA_EBIKEPSAFE = 0.7129911229927742
BETA_EBIKETIME = -0.0443715642422426
BETA_ESCOOTCOST = -0.5256358127915643
BETA_ESCOOTIME = -0.05354828650288835
BETA_ESCOOTPSAFE = 0.6674132413023915
BETA_WALKPSAFE = 0.3437878865516765
BETA_WALKTIME = -0.04753580486310724
