ASC_CAR = 0.7395567035836528
BETA_CARCOST = -0.23877054766331351
BETA_CARPSAFE = 0.3587492225117568
BETA_CARTIME = -0.048165773279459846
BETA_EBIKECOST = -0.4556158976782408
BETA_EBIKEPSAFE = 0.6503025457816394
BETA_EBIKETIME = -0.058808323546934195
BETA_ESCOOTCOST = -0.6312103496326984
BETA_ESCOOTIME = -0.07355251110620707
BETA_ESCOOTPSAFE = 0.5912205346828192
BETA_WALKPSAFE = 0.44878437456441633
BETA_WALKTIME = -0.04530556760592782
