ASC_EBIKE = 0.10858491912665509
ASC_ESCOOT = -0.49197875625089055
ASC_WALK = -0.359647295750258
BETA_CARCOST = -0.2819483591663129
BETA_CARPSAFE = 0.34713699855106106
BETA_CARTIME = -0.03819926704283967
BETA_EBIKECOST = -0.43892175183305976
BETA_EBIKEPSAFE = 0.6973823513385149
BETA_EBIKETIME = -0.04927848610867622
BETA_ESCOOTCOST = -0.5446219330833125
BETA_ESCOOTIME = -0.051648059421219715
BETA_ESCOOTPSAFE = 0.6579091778081411
BETA_WALKPSAFE = 0.3318810544159679
BETA_WALKTIME = -0.04370304616777154
