ASC_EBIKE = -1.2930476307576513
ASC_ESCOOT = -1.7358211834149238
ASC_WALK = -0.29898553134444183
BETA_CARCOST = -0.2819983840905921
BETA_CARPSAFE = 0.3470980617404358
BETA_CARTIME = -0.038200571353278985
BETA_EBIKECOST = -0.43891021800335994
BETA_EBIKEPSAFE = 0.697398888010464
BETA_EBIKETIME = -0.04927498973508606
BETA_ESCOOTCOST = -0.5446009027822405
BETA_ESCOOTIME = -0.05164459486688658
BETA_ESCOOTPSAFE = 0.657945310834518
BETA_WALKPSAFE = 0.3318549967128828
BETA_WALKTIME = -0.04370285179765552
