ASC_EBIKE = 0.03100790244768702
BETA_EBIKECOST = -0.45608557044358944
BETA_EBIKEPSAFE = 0.6357369036450061
BETA_EBIKETIME = 0.020288129676247334
SIGMA_EBIKECOST = -0.11717997138753697
SIGMA_EBIKEPSAFE = -0.6125643654233842
SIGMA_EBIKETIME = -0.003263006374170436
