ASC_ESCOOT = -0.4748017422565445
BETA_ESCOOTCOST = -0.6058994824203002
BETA_ESCOOTIME = -0.04148449877609229
BETA_ESCOOTPSAFE = 0.4311944620059657
SIGMA_ESCOOTCOST = 0.14308800387017936
SIGMA_ESCOOTIME = 0.04287480087311357
SIGMA_ESCOOTPSAFE = -0.049656717484795845
